2 0.44617404513888886 0.4218094135802469 0.06858723958333338 0.17746913580246915
1 0.5083854166666666 0.42695601851851855 0.07753255208333323 0.13631558641975305
2 0.40096788194444444 0.4481751543209877 0.06642795138888886 0.19161651234567903
2 0.3550390625 0.4623186728395061 0.0642708333333333 0.17618441358024695
1 0.6515863715277779 0.48353780864197526 0.08878689236111113 0.19032793209876542
2 0.27873046875 0.4873958333333333 0.09683810763888889 0.18261188271604936
2 0.9644097222222222 0.498329475308642 0.07062717013888904 0.18132716049382716
2 0.15360026041666666 0.5510532407407407 0.11133463541666666 0.20961805555555552
2 0.5991471354166666 0.5516975308641975 0.08807725694444438 0.22890817901234564
2 0.06174262152777778 0.6224266975308642 0.11714409722222222 0.25462962962962965
2 0.5514105902777778 0.6327160493827161 0.09532335069444445 0.24434027777777775