0 0.15179253472222223 0.3999498456790124 0.10916666666666666 0.24177083333333335
0 0.6248394097222223 0.4070216049382716 0.12963975694444446 0.23276620370370368
2 0.13479600694444444 0.41216435185185185 0.12001953124999999 0.22505015432098763
1 0.5615581597222222 0.46424768518518517 0.2373936631944444 0.3729436728395062
0 0.4993489583333333 0.47582175925925924 0.13177734374999994 0.34979552469135805
1 0.4161783854166667 0.5169753086419753 0.24893012152777771 0.4346720679012346
0 0.35141710069444443 0.5979938271604939 0.17276475694444443 0.48353780864197526
0 0.50837890625 0.2777777777777778 0.04832031249999997 0.09259259259259259
0 0.31598307291666666 0.29192515432098765 0.06717447916666666 0.15174768518518517
0 0.4273697916666667 0.31635802469135804 0.05846571180555557 0.15174768518518517
1 0.29102647569444445 0.3292168209876543 0.11129991319444442 0.2083333333333333
0 0.7101822916666667 0.33371913580246915 0.05009765625000008 0.15046296296296297
2 0.4183268229166667 0.33757716049382713 0.0693185763888889 0.11959876543209877
0 0.27764756944444446 0.36201003086419753 0.07875651041666663 0.16846836419753086