1 0.5048502604166667 0.4369212962962963 0.06056640625000003 0.16396604938271606
1 0.917109375 0.4407793209876543 0.060384114583333336 0.10609567901234568
2 0.4468229166666667 0.4542824074074074 0.05947916666666665 0.16010802469135801
2 0.4007161458333333 0.47646604938271603 0.06058159722222219 0.16589506172839505
2 0.3524392361111111 0.4976851851851852 0.07036458333333329 0.16589506172839505
2 0.2802886284722222 0.5208333333333334 0.12355468750000004 0.2507716049382716
2 0.6502322048611111 0.5237268518518519 0.08218315972222218 0.1871141975308642
2 0.1533615451388889 0.5459104938271605 0.11925998263888887 0.24305555555555555
2 0.5938172743055555 0.5632716049382716 0.08871527777777782 0.17746913580246915
2 0.058437499999999996 0.6500771604938271 0.10953342013888889 0.2700617283950617
2 0.5422873263888889 0.6645447530864198 0.09849826388888891 0.22569444444444445