1 0.5011458333333334 0.4256674382716049 0.052660590277777745 0.08744984567901237
2 0.9282530381944445 0.42824074074074076 0.046032986111111285 0.11316743827160491
2 0.44762152777777775 0.4423842592592593 0.05845920138888891 0.10288194444444447
2 0.657734375 0.45846064814814813 0.06347222222222212 0.11445601851851854
2 0.39880208333333333 0.4597453703703704 0.04472656249999998 0.12988811728395064
2 0.9640451388888889 0.47260802469135804 0.06991102430555547 0.10930941358024689
2 0.3543207465277778 0.4796797839506173 0.06281901041666672 0.1414621913580247
2 0.6237413194444444 0.48868055555555556 0.05335286458333341 0.128599537037037
2 0.28307725694444447 0.5054012345679012 0.06500217013888883 0.16203703703703703
2 0.5846874999999999 0.5362654320987654 0.057699652777777805 0.13631558641975305
2 0.15939453125 0.543341049382716 0.09251519097222222 0.15560570987654318
2 0.5438172743055555 0.5857793209876543 0.08157986111111112 0.1376041666666667
2 0.05524522569444444 0.597349537037037 0.08240885416666667 0.1736111111111111