1 0.5113585069444445 0.43209876543209874 0.06490451388888888 0.1427469135802469
2 0.4522591145833334 0.44753086419753085 0.05945529513888895 0.15432098765432098
2 0.3974609375 0.46585648148148145 0.0649240451388889 0.15239197530864199
2 0.9402039930555556 0.47550154320987653 0.11959201388888888 0.2025462962962963
2 0.3459288194444444 0.49382716049382713 0.07036675347222222 0.14660493827160495
2 0.6523958333333333 0.5025077160493827 0.09736111111111118 0.18325617283950618
2 0.2851736111111111 0.5391589506172839 0.09859809027777781 0.19483024691358025
2 0.16421006944444444 0.5632716049382716 0.12359592013888888 0.23148148148148148
2 0.5976085069444445 0.5777391975308642 0.11148437500000005 0.22955246913580246
2 0.06494574652777778 0.623070987654321 0.11170138888888889 0.25462962962962965
2 0.5384830729166666 0.6645447530864198 0.11910156249999994 0.2488425925925926