2 0.5362239583333334 0.4957561728395062 0.05771484374999996 0.1401736111111111
2 0.6920920138888889 0.498329475308642 0.05984592013888898 0.16589506172839505
2 0.48776475694444443 0.4996141975308642 0.049047309027777826 0.12731481481481483
2 0.44255859375 0.5086149691358024 0.04978298611111108 0.14788966049382712
2 0.9557313368055556 0.5291936728395062 0.07207465277777796 0.2199074074074074
2 0.4016927083333333 0.5298341049382715 0.06353515625 0.1594637345679012
2 0.3434657118055556 0.5375501543209876 0.0874197048611111 0.18775848765432102
2 0.6523111979166667 0.5433371913580247 0.051176215277777715 0.16075231481481483
2 0.24292968750000002 0.5632716049382716 0.09033637152777778 0.1748958333333333
2 0.6186783854166666 0.5767746913580247 0.07649956597222227 0.18904320987654322
2 0.15215494791666667 0.6198572530864198 0.11712239583333334 0.2006172839506173
2 0.5752799479166666 0.6333603395061729 0.09242404513888897 0.2019020061728395