2 0.9723676215277778 0.4655362654320988 0.046032986111111285 0.11316743827160491
2 0.5011458333333334 0.4873958333333333 0.052660590277777745 0.08744984567901237
2 0.6533962673611111 0.4970408950617284 0.06347222222222232 0.11445601851851854
2 0.41905164930555555 0.5047569444444444 0.04472656249999998 0.12988811728395064
2 0.932224392361111 0.5099035493827161 0.06991102430555547 0.10930941358024689
2 0.45629991319444446 0.5144020061728395 0.05845920138888891 0.10288194444444447
2 0.3731228298611111 0.5298341049382715 0.06281901041666672 0.1414621913580247
2 0.6230186631944444 0.5336921296296296 0.05335286458333341 0.128599537037037
2 0.31996093750000004 0.5606983024691358 0.06500217013888883 0.16203703703703703
2 0.5846874999999999 0.5787037037037037 0.057699652777777805 0.13631558641975305
2 0.2143576388888889 0.5870640432098766 0.09251519097222222 0.15560570987654318
2 0.5488802083333333 0.6256442901234568 0.08157986111111112 0.1376041666666667
2 0.13118055555555555 0.6436458333333333 0.08240885416666667 0.1736111111111111