1 0.9213758680555555 0.4346720679012346 0.04532118055555559 0.10545138888888886
1 0.4982508680555556 0.43660108024691363 0.061341145833333305 0.1401736111111111
2 0.4505143229166666 0.45717592592592593 0.051228298611111146 0.13245756172839504
2 0.3998849826388889 0.47260802469135804 0.052686631944444486 0.1376041666666667
2 0.3546788194444444 0.49125385802469135 0.057760416666666634 0.16461033950617288
1 0.6468880208333334 0.5021875 0.07359809027777785 0.1710378086419753
2 0.9654947916666666 0.5092592592592593 0.06411675347222238 0.16461033950617288
1 0.2874110243055556 0.5311226851851852 0.08092230902777775 0.18004243827160496
2 0.15468749999999998 0.5561998456790124 0.09469835069444443 0.17618441358024695
2 0.5919162326388889 0.5787037037037037 0.0866319444444444 0.18004243827160496
2 0.05270399305555556 0.6262847222222222 0.09472439236111112 0.1723263888888889
2 0.5438151041666667 0.6333603395061729 0.1061740451388889 0.19161651234567903