2 0.5173394097222223 0.4841820987654321 0.05945312500000001 0.11959876543209877
2 0.4712326388888889 0.4957561728395062 0.045366753472222264 0.10802469135802469
2 0.3790190972222222 0.4967206790123457 0.0671006944444444 0.20640432098765432
2 0.4289236111111111 0.4996141975308642 0.05623263888888887 0.16203703703703703
2 0.32043402777777774 0.5160108024691358 0.08231119791666666 0.2025462962962963
1 0.6589084201388888 0.5246913580246914 0.0973676215277778 0.18132716049382716
1 0.9504123263888888 0.5304783950617284 0.09917534722222222 0.2044753086419753
2 0.6079231770833333 0.5613425925925926 0.06267144097222221 0.18132716049382716
2 0.2271354166666667 0.5652006172839507 0.09753472222222223 0.2006172839506173
2 0.13871744791666668 0.6124614197530864 0.11167100694444443 0.21026234567901234
2 0.5650694444444445 0.6317515432098766 0.08547092013888896 0.17554012345679013